101.7627974540621
101.03809003590233
102.6773106909503
100.54449276316387
100.10488738725829
96.24229040380352
100.76640083938963
103.55843247507899
100.51594648985593
97.40846780510148
101.74668336870207
98.28296018902385
96.31194976208108
98.4473159676705
98.81136865621251
101.81063776120675
101.07735914821276
97.79293671356285
99.7401626231216
100.41744859834513
96.55402924405986
94.01053777905256
97.90851729416171
96.41777704257508
101.29474570930621
100.42783394762621
100.31605657259271
98.65927337121045
103.12421085760548
103.24741505419337
98.46222704242838
100.95659240042008
103.71440462443255
101.25428204463374
97.31681718328664
96.6356939340439
97.65904478810546
100.52866360097948
103.37496889569387
99.17797933477118
95.0730599463672
93.33372350777901
94.05586191014508
92.05678743440112
91.55995191880005
91.65959826789424
94.83634267706793
96.65293744862134
91.941406996286
89.21482338472478
87.21304742786046
88.836456690309
85.95164806269075
85.94397056072604
83.66056753748668
83.56609192528778
88.45305496926679
84.63579852479789
88.65439674323845
85.7019189160539
84.38569219583736
86.55980124240092
90.79261729047784
87.29116559126285
90.33659406705303
89.20848687955537
89.7232371951162
90.92561460683862
92.81347707583352
93.17881753645385
89.0035119287416
85.6308943578836
89.38337554160728
88.52008771303089
90.08089371383446
85.94170818698917
84.63742044151161
89.60371645687967
89.80575181024986
91.36318907635741
89.10266624220485
84.97492703712969
84.16334594470317
86.27240285548352
89.88519698912776
87.28806205865389
92.13792074542809
88.85623462667476
91.4040995201395
92.52588469788661
92.87245239480796
94.35370760975684
89.43912746105042
86.91618666852594
90.95401689421539
93.24198094927843
92.36875687569736
89.77778241681726
94.48796687284847
96.45162424229342
92.47872531021143
94.69607506924129
96.27165432225776
96.02529075052827
99.65462542985676
99.31317672057352
104.01214407460961
104.93385143974704
101.76916790644509
105.37511623100212
103.2909903738381
98.45491060039795
100.36767444033238
100.94488339908311
101.08494450676011
98.62610633295533
93.99517696698403
96.14771075451932
98.721879215576
95.22709825553086
97.63117658650314
99.96834922496122
103.61896997531294
107.56652926326886
107.60788274532234
111.8813804345542
115.22616390260852
111.86994859569089
113.58460813737426
118.21443609855618
117.94310258064526
116.69957432422845
118.5934012137827
117.23084441385723
120.2307781855018
123.74567167890916
125.93375759700238
128.31663420421026
127.32946603175745
127.28844987026298
127.45470403770601
123.99139126993589
120.7271182364862
123.93016967241726
120.09548333558426
118.8429268508385
116.72640299293988
114.29301185318467
110.98964301085229
113.30282446197198
111.7835745319708
111.8093293801406
109.47997436835352
112.94496983309233
116.24860182316402
112.49750706124665
114.12243336717802
118.78379970040241
119.97541349819465
123.708293397471
125.27709220376751
122.70476405880524
119.2194507490176
115.99002942221242
120.49628339578474
123.60515267992015
122.97585956994352
120.8403494595167
122.83242245307908
121.57440348131563
120.58278173919105
124.46713787471131
128.16479036879855
129.8993709769868
128.9490633770195
131.9977516958145
130.13318707084093
126.3432105522944
121.49439258605582
118.18992051001084
115.68265932561455
117.59842133353024
113.21215336810327
110.5677960423031
113.69805960032275
117.05642380298796
114.51230371133737
110.19711670494664
106.5335448514076
107.35266124463185
111.74809869222821
110.49450401924129
111.28655106940276
110.99852848165845
114.53334882823926
118.2042273985305
119.05371334277858
121.98794979925579
126.48705338959404
129.80673211955516
134.39303235566862
132.46958647517877
136.62525845961616
138.6201305136842
137.61507786252872
139.196883905057
137.11350463058986
134.1720767037986
135.1355163027617
134.47652415824487
137.23253552934156
136.54319951593
140.119471564123
136.8147674385629
134.39241145792238
130.0061294275849
130.88137340976846
128.97656024755634
132.4471260868535
132.4257704366109
136.35826780729752
137.33535034741197
133.74575656294076
135.40807004229046
136.8408406343391
139.2874665390515
141.95733887538603
141.67268870916283
138.10035674980458
135.2795938273471
135.91104574072048
133.14979031369842
135.21113249412028
131.19676367444552
131.14343734431145
132.6830942900098
132.6676673366518
130.3321832628248
129.66411512380938
129.24961990984397
125.72171648052463
128.14722390386598
130.16602085723522
126.98844031928544
127.37674584612986
129.58941781386696
129.612351310028
130.20683581666606
128.43680596783915
128.07733634742414
129.1130031355912
124.73400126502679
127.73130515470754
125.53305121313775
124.54185631296275
126.2857813321509
130.10765717836688
134.1867190585231
138.679556925407
138.31916238401544
141.26664964268448
143.7678167201095
141.27120225607996
140.87743018895716
141.47074518645948
142.14181559004805
144.4923553435378
146.15062275051204
149.35776715148833
151.48220670554366
147.9567575925659
150.72046594299064
154.85424987712017
152.11987719298935
153.08773894925636
151.45787700750546
152.59951980513122
155.73243466627827
150.7566471324659
146.36791728514282
150.5976807747695
154.55636856227142
155.70014338746356
153.7122174269279
151.03912627382942
154.08761660682828
154.16533384751534
156.94461345698645
153.34466218855795
150.80523598964035
155.61780788263366
151.50438262020188
149.65593994029928
147.2465166735394
148.77101787809886
144.17828988378497
139.99836172703178
138.82055368569235
141.22303394713973
145.24886023649793
148.73654521394187
151.66183804072654
147.70232775190124
150.3016994833843
148.9925257103131
147.28813390752353
147.51915726079562
148.04637875083296
152.6163583731259
148.980855271832
146.0247788178493
142.69286158686404
142.8803616721583
142.89630151383022
140.9572700754414
140.31202640581748
139.4751573360805
139.09635691301716
141.68008413303414
136.71779691039038
138.4818570946895
135.08410954606828
130.1496818150634
132.16381326821866
129.919216756908
132.73790575457247
131.47801151517635
131.32227683353764
128.69570013023625
125.21589938635796
120.84066406437543
117.54742190047155
113.3138937989396
116.97950770660941
115.995623560573
113.93787749481686
112.61892516577763
114.25603871418352
118.83003783427742
115.63412614571033
119.64307902279786
117.1226955757845
119.73463689223865
118.7036628412867
116.28324793611606
114.10141919563762
109.83482326775982
109.7877027686434
112.90644457551585
113.60392441804782
115.38610942611052
111.18905491553707
106.33707989430398
105.84255602276767
107.5549081159788
108.41152956019444
108.04819146696592
105.85412754509002
104.20444760485378
101.58220358103259
105.94512714049759
105.9240688925515
101.77390476267693
98.75608890454698
96.63269120002533
96.57210039439238
95.36996490046634
95.96043208655429
98.63188953542814
99.51722793080435
96.08440863636156
98.86680123211116
95.56552186462736
94.39400358530439
98.34958192658894
99.33597871527287
101.1389387261771
103.76192489300601
99.47556827478242
101.74162948342062
104.9326957494535
104.44714009390317
107.85578225710074
104.66224722365561
100.08412592130496
100.08851896526208
99.5678382157721
97.79301699111414
98.80668438573099
103.06721557366903
105.31313426873174
103.9067873993156
105.7609222236348
101.10710368986264
99.28922110070394
104.07723457397616
100.45913249398014
96.81688678197843
94.2176610207796
99.00453729449919
94.50539309018517
94.51402059631809
89.91897139759037
85.11125487311998
81.79049827043924
81.72478827651405
82.47514485704636
87.19948693904364
88.19577518373171
89.23738860943931
84.3487903682295
80.93089855004163
79.99787662417205
75.06247494357406
77.82775364428858
82.14054402502516
86.04719902717265
81.35794557647657
82.4038276973518
86.11726953759508
82.60884260339735
82.28330654946615
81.07243376472093
80.71256978118117
76.8362133079087
73.99199620468397
78.20302724550675
75.00137773270262
78.8289339831493
83.64399473158436
86.68768107381344
85.86868986127486
89.44617385320727
87.19074560558906
88.5224595018779
84.23975664566188
84.75172976760545
81.57510257728829
86.09714631537892
83.27087594963768
80.9958666452454
83.57319955954237
85.3174941378196
86.52112679435348
86.06652285791624
87.49645115827163
84.19633474279588
84.20388067268537
87.15313515598146
83.12588986571522
85.75856334913841
89.94870752462847
93.08871047945591
92.58641484388079
88.63011916596581
88.48220841850413
87.26390046857104
89.47138706531949
92.22300765450674
89.84689211731101
94.79228749097506
92.98492698917502
97.29785781343722
94.9877003879829
95.64001203615871
96.14791034542016
91.89909176404693
90.09312078092901
85.85673027412679
87.32484159259967
86.52347138006424
87.52803215767462
91.24830833777229
94.39925271356967
95.00115023790592
95.29965370979063
95.90562676760852
93.81257074881925
92.7097932387736
93.388750955676
90.24737126962785
94.07470273762347
89.16457185740195
88.26933901950278
88.36727472740738
93.16706274452024
93.58067620170712
88.69452178957735
87.23003357948882
89.2249749479036
85.3946280575329
82.03509263980342
77.91672373199303
75.23455306534404
79.21416014771077
77.0819080819002
81.29531697865878
80.36577453745618
79.92778330033015
77.6411124543314
82.18316631269099
86.23001410508022
87.58695267177643
85.29050608962632
82.98491783565433
83.17506671143077
82.82524485719124
84.1614821685253
79.7349063566696
77.89719927376707
82.08822882019325
79.20777195788179
79.57264237041247
81.16012349364851
82.72118465326315
81.36320886896233
77.54720453329959
78.28508377839616
79.50712472082061
81.49923939871178
77.89053127681426
81.70479188425189
83.41749289886835
80.10205842055755
82.84890103144895
78.51763285863494
73.61015294925419
70.92757581002685
72.41305093567352
76.82188601731417
75.83931813821486
74.94926967133085
75.31350377217129
79.35198017083539
75.09572012368477
70.70116659950844
66.29217884869016
66.83656704967078
69.56298162368243
71.53511416702717
74.44802492361809
74.94398996551776
76.54648804497204
72.93575747414623
72.09692506878093
70.71322102297972
66.73921093838703
69.37613307038708
72.58593625976681
68.3395234706302
66.86554866210679
67.42401245574686
64.71807249224938
66.18740926397568
68.87712409761943
70.80201205026506
68.34398894323459
70.6107460836431
67.71931001915627
63.1790616922056
66.0880851208574
63.14280090346321
67.07196902102132
64.39773717569662
64.62950123301886
59.75558446639548
60.15561579552109
59.45729405124265
57.95153809918578
56.10488186476756
54.45035570774982
51.21119956243429
47.547073581187036
51.71522372975234
56.160973616018325
54.389304230750405
59.13178637460055
61.73408833501146
66.35422912975494
64.44932482890103
61.51188706586806
65.6884218255939
67.63169218970718
63.586196664509984
60.10556741227354
63.65300160400384
62.891720677351174
62.06045903102094
61.8402341186688
62.635034416483066
61.28455439859378
59.937411992861925
60.03961264011731
56.523205579618235
56.5215486532851
53.303526674841365
53.534514938560626
54.700128373418856
56.2329895680889
51.91838933621782
47.587547185254046
43.79698222990636
42.117646801513835
43.59126055607957
45.460845077039394
42.406866904947194
46.50163075361439
44.75207370135889
46.41184688938422
44.20981426249134
44.50664161010412
43.6248931774871
47.76100024385053
43.64044394641812
41.505254329146354
37.523518878491565
42.249552895961656
40.6740611221781
37.40114783794256
39.31748895727456
42.950996862371234
38.01852736672408
39.13310214942778
34.81731567811342
37.197712793091824
37.402011953409236
35.6358183278301
39.28858819604993
37.475811900211234
37.85403529801494
33.75457724974984
36.65751924265114
36.77732361424834
33.229325439762036
29.87520128731443
30.710366097950228
35.086122025361036
36.16723558275648
34.084531285240395
35.02964000246622
34.82168735050105
38.11178433441114
40.82359662517955
39.86800564456809
37.440391740510314
40.67101609954134
37.93108382747723
41.26606972823949
42.82485114778457
38.15638178998289
39.539773266784906
40.768736885089666
40.5471453770559
42.00345570956124
39.21582202815595
35.031461358000776
32.00703207503164
35.177489299147005
35.01362549687742
34.63644123939304
37.12929982327872
37.18126383388207
37.620083528923914
36.431736649094624
33.30695721344008
31.084097669277963
30.39009001341686
28.995486391842707
26.57230426430523
28.344040237460508
24.7531414637974
19.95951246678716
20.509229946379413
17.56793501871205
19.49229628968815
20.827076342824355
15.947812745773572
17.181909313814625
17.081142809071505
19.086408611176374
18.07256253966773
16.63268915520587
18.365459523648646
22.973175001060582
22.870977120161253
18.562285526239584
22.387670465242515
26.7113117019214
29.596915263030585
31.174154668313506
29.87969256556779
25.13259863423286
24.69066874233517
20.35855080712794
23.399311116815614
25.38138960041329
28.632076235756593
30.521024679682597
27.356059164598918
26.87539464697859
31.517315527918
31.30389186752985
27.901859872540314
29.121128479336345
29.571127109471835
30.712728765730073
29.375551059197782
30.058957044794848
25.88049428238241
27.54187985246263
23.42838990970391
19.00477336743241
19.556003303360445
19.454105173760816
23.344548172459138
24.787936054490352
22.379717635735645
18.289598544746884
18.69511944491952
16.123598029819327
18.40853803575699
19.311366804074304
20.61686204289976
22.9391418695363
19.265860978652455
15.736073127219644
10.854774422348235
10.414097153256373
9.488894442746309
9.28256973881987
12.803433590743765
17.089666419492502
13.737393183087683
17.610000121523406
16.282138963158054
17.87472672423737
22.18328849508167
21.386256609565276
23.200099780598343
20.713642465895
21.131316857298692
22.46114511089483
22.224236829697336
24.47422417524674
20.404955441409186
18.402068930421166
21.191150950144042
17.524487168753215
20.454100674819554
22.29146757798499
20.23494195889841
23.605347637099218
28.390205478159565
29.853440101310976
34.19163786662088
32.79850791723391
32.75392174304712
32.44877433335491
28.244683349024854
29.99607638366834
32.4481897722694
34.80817686384988
31.166204302371884
31.28402215551827
33.679733379504555
36.50082599783545
34.99399285087243
34.2244939959014
32.973985712384085
34.739201113947495
38.35660219276935
36.837768528021456
38.569453279311304
38.19674364149682
40.00113427300905
43.39039880051796
45.892965727616726
50.69400053375206
52.362752838259105
49.958405788287294
45.617821416148765
44.950725646656885
41.33684214259694
45.23711568971813
43.16441230649029
45.667446938957184
41.57852329545866
39.00611384979709
37.569488309453654
38.635896231746585
38.64257623267919
38.71705150472453
37.896025919669206
38.00108611719153
35.83942193353237
33.173859763590805
37.826282387642266
41.63736355993967
38.066381931389586
37.32270367547002
37.86346810198111
33.76640622183945
36.64635929560238
40.17672312992947
42.858107144775474
45.03145636521809
43.73804903586035
42.1271781629391
38.48466339335861
33.87786912188824
37.30562078865711
33.034860068901196
34.186260830280865
33.93992891196284
38.162308268921315
40.03912069151947
44.92639568284691
42.978295562430134
46.997783276160966
49.01916739170905
49.31366403380815
49.791327431721406
46.0827578430495
48.88695476392155
43.98337668853273
43.29261137146965
40.519971046681604
37.06300966454101
37.12084358065355
33.949822101357185
35.669563358149794
39.00031803986678
34.29800854304274
31.73433806031408
34.510386036106134
34.42760771364173
29.77667625742923
34.27730727736627
35.44872368695889
38.402969830860975
34.796269827570896
33.668397006025785
38.304567218519
38.54270720264442
38.13621121004343
39.83750022220207
38.70031842438549
33.9030395626955
37.32415146840704
37.795758769470574
41.35894504176638
43.20358890700541
42.84113173090531
41.99005113883841
37.90295849105954
33.392514193462176
29.797697491820433
27.27712519683272
32.204237605420104
27.52089996670649
24.47645109597241
27.010084745726118
22.18307252592592
24.684908833702096
23.93221640151809
19.03037756506528
23.938204994485933
27.49690293181767
23.352385243885085
26.800898182176372
31.477931421977665
35.79968822502526
36.96354987097893
39.65417699074959
42.32233510657392
38.58437579312544
42.88998606346025
43.52342830665262
45.92549999306232
44.363009579360806
44.753234665990036
44.15104108403587
48.31081662681632
45.03842856982798
44.29379214181587
41.78344617075853
37.732589125876245
40.564784259908286
38.80404306781201
38.508926182332694
40.698628755620334
43.5844895659731
45.221993866721185
43.59835066484842
48.31532403217758
45.110397518676386
45.13197339057409
49.51955545664311
44.88413151804914
44.69967201473568
48.35193733427147
47.02110558131532
51.53510066754139
53.911432973149246
49.71921544628355
47.581918034190515
52.397936579876536
55.63957346755906
59.738581216176684
63.4272311644883
65.74968518099865
65.2769386816798
62.63576279449732
61.82495851312942
57.963235976238714
53.74308220630781
55.22258525108706
55.24637123865577
52.33807111406483
54.906273421295616
57.735514584445674
55.91185628801762
55.65949360954294
50.867475249343904
46.813171764601904
48.47863988194134
47.461192368629135
45.963042047637884
50.957127246475316
50.55300732238897
53.66899338216304
48.898990229935315
50.4737387353641
49.414726039757156
50.33410959585706
50.835650600403156
55.358145887667334
56.02258004521244
59.19610905204312
60.367234504422434
59.55603679425291
59.48001327946657
60.44492210262227
56.51486047382542
58.793113328201336
61.28745231316265
63.59712660987511
64.13809892618212
60.923787653294596
61.2187855006381
59.40514981987681
63.004122508875284
65.06808433546708
60.98322206132735
65.80948339754568
66.03908559637988
65.57844176820085
67.6322904962614
72.12891878600777
70.12307778571412
70.28960950935415
71.21722061896568
70.35799046680881
69.98488134427447
70.07240731521216
68.0361554600655
68.05179500214743
65.57445016694528
64.82253048045018
60.48818174098948
55.741379745074106
60.40455615535181
57.20231486966708
60.98732347860322
64.11352304849765
64.79428375786972
66.16757268379895
62.462196925849916
61.18749204001568
65.91897048706582
70.55501676354488
68.88922586708819
66.7789024347113
67.86340649270606
62.978007834612114
63.278471993788564
63.21669364258341
59.10214343481365
58.78783018059163
56.58086955487058
51.62981334097151
50.25324892907394
54.91005922203217
52.181996988965686
54.153414221555636
58.68618834593322
53.908272185535644
54.567421014053075
54.70217853604187
54.9659109751842
